%YAML:1.0
---
camera_matrix:
  rows: 3
  cols: 3
  dt: d
  data: [364.03443142007836, 0.0, 658.0434020037759, 0.0, 265.66569448933933, 320.04626926602384,
    0.0, 0.0, 1.0]
dist_coeffs:
  rows: 5
  cols: 1
  dt: d
  data: [-0.19306653664212195, 0.031487733667126386, -0.000901780605761465, -0.00042081541112374513,
    -0.002049225860792335]
project_matrix:
  rows: 3
  cols: 3
  dt: d
  data: [-0.9307087451021903, -4.140555064882592, 1121.6126052183415, 0.1366974089197615,
    -4.665150708526814, 1060.7568570787648, 0.00028474752086329793, -0.006862551494236305,
    1.0]
shift_xy:
  rows: 2
  cols: 1
  dt: f
  data: [0, 0]
scale_xy:
  rows: 2
  cols: 1
  dt: f
  data: [0, 0]
resolution:
  rows: 2
  cols: 1
  dt: i
  data: [1280, 720]
