%YAML:1.0
---
camera_matrix: !!opencv-matrix
  rows: 3
  cols: 3
  dt: d
  data: [364.3434656789032, 0.0, 657.9097106123727, 0.0, 266.7016838020273, 321.3097314704054,
    0.0, 0.0, 1.0]
dist_coeffs: !!opencv-matrix
  rows: 5
  cols: 1
  dt: d
  data: [-0.1945653731972549, 0.0320523856376804, -0.0011534364451259514, -0.0003821504640807531,
    -0.0021045954467216275]
project_matrix: !!opencv-matrix
  rows: 3
  cols: 3
  dt: d
  data: [-2.291115638292641, -7.142634686150311, 2087.5810511090867, -0.05495997214164384,
    -0.3102738998171932, -1029.8985660367716, -0.0001649461574380805, -0.011177606574930252,
    1.0]
shift_xy: !!opencv-matrix
  rows: 2
  cols: 1
  dt: f
  data: [0, 0]
scale_xy: !!opencv-matrix
  rows: 2
  cols: 1
  dt: f
  data: [0, 0]
resolution: !!opencv-matrix
  rows: 2
  cols: 1
  dt: i
  data: [1280, 720]
