%YAML:1.0
--- 
camera_matrix: !!opencv-matrix
  rows: 3
  cols: 3
  dt: d
  data: [333.4422473216591, 0.0, 673.2526348560544, 0.0, 241.48447299396906, 336.0787624236683,
    0.0, 0.0, 1.0]
dist_coeffs: !!opencv-matrix
  rows: 5
  cols: 1
  dt: d
  data: [-0.19655533919802087, 0.03752152313991772, -0.0039130789947856215, 0.0006763847614348928,
    -0.0029999952133677693]
project_matrix: !!opencv-matrix
  rows: 3
  cols: 3
  dt: d
  data: [8.712057271204458, 17.538583449880313, -4485.256889942142, 1.0088638062918551,
    -1.326918890780393, 4494.562176426065, 0.0023673241914800454, 0.026383600339756785,
    1.0]

shift_xy: !!opencv-matrix
  rows: 2
  cols: 1
  dt: f
  data: [0, 0]
scale_xy: !!opencv-matrix
  rows: 2
  cols: 1
  dt: f
  data: [0, 0]
resolution: !!opencv-matrix
  rows: 2
  cols: 1
  dt: i
  data: [1280, 720]
