%YAML:1.0
---
camera_matrix:
  rows: 3
  cols: 3
  dt: d
  data: [364.3434656789032, 0.0, 657.9097106123727, 0.0, 266.7016838020273, 321.3097314704054,
    0.0, 0.0, 1.0]
dist_coeffs:
  rows: 5
  cols: 1
  dt: d
  data: [-0.1945653731972549, 0.0320523856376804, -0.0011534364451259514, -0.0003821504640807531,
    -0.0021045954467216275]
project_matrix:
  rows: 3
  cols: 3
  dt: d
  data: [-0.9307087451021903, -4.140555064882592, 1121.6126052183415, 0.1366974089197615,
    -4.665150708526814, 1060.7568570787648, 0.00028474752086329793, -0.006862551494236305,
    1.0]
shift_xy:
  rows: 2
  cols: 1
  dt: f
  data: [0, 0]
scale_xy:
  rows: 2
  cols: 1
  dt: f
  data: [0, 0]
resolution:
  rows: 2
  cols: 1
  dt: i
  data: [1280, 720]
