%YAML:1.0
---
camera_matrix:
  rows: 3
  cols: 3
  dt: d
  data: [360.8106609381613, 0.0, 632.4946673657506, 0.0, 269.2297458404813, 313.0793479902575,
    0.0, 0.0, 1.0]
dist_coeffs:
  rows: 4
  cols: 1
  dt: d
  data: [0.027740065995321722, -0.0016565442622087244, 0.007162822960881813, -0.005183202209552382]
project_matrix:
  rows: 3
  cols: 3
  dt: d
  data: [-3.5663723972038572, -13.697427032679443, 3180.068921032817, 0.17329021292226338,
    -0.7674162739671688, -2021.514746609214, 0.0005432383281644318, -0.021317712178055236,
    1.0]
shift_xy:
  rows: 2
  cols: 1
  dt: f
  data: [0, 0]
scale_xy:
  rows: 2
  cols: 1
  dt: f
  data: [0, 0]
resolution:
  rows: 2
  cols: 1
  dt: i
  data: [1280, 720]
