%YAML:1.0
---
camera_matrix:
  rows: 3
  cols: 3
  dt: d
  data: [361.3440135940176, 1.6193052514308397, 673.1576009112558, 0.0, 244.85082773907342,
    320.4176090985654, 0.0, 0.0, 1.0]
dist_coeffs:
  rows: 4
  cols: 1
  dt: d
  data: [-0.028649236456423994, 0.07691057093563981, -0.05065167732620614, 0.011589718038461523]
project_matrix:
  rows: 3
  cols: 3
  dt: d
  data: [-0.9307087451021903, -4.140555064882592, 1121.6126052183415, 0.1366974089197615,
    -4.665150708526814, 1060.7568570787648, 0.00028474752086329793, -0.006862551494236305,
    1.0]
shift_xy:
  rows: 2
  cols: 1
  dt: f
  data: [0, 0]
scale_xy:
  rows: 2
  cols: 1
  dt: f
  data: [0, 0]
resolution:
  rows: 2
  cols: 1
  dt: i
  data: [1280, 720]
