%YAML:1.0
---
camera_matrix:
  rows: 3
  cols: 3
  dt: d
  data: [381.34182432934523, 1.526816540558333, 639.4614438825537, 0.0, 260.1613129614095,
    341.1735772155726, 0.0, 0.0, 1.0]
dist_coeffs:
  rows: 4
  cols: 1
  dt: d
  data: [0.026920798476854635, -1.0630186901375427, 6.432758796771086, -13.861048230619478]
project_matrix:
  rows: 3
  cols: 3
  dt: d
  data: [-0.9307087451021903, -4.140555064882592, 1121.6126052183415, 0.1366974089197615,
    -4.665150708526814, 1060.7568570787648, 0.00028474752086329793, -0.006862551494236305,
    1.0]
shift_xy:
  rows: 2
  cols: 1
  dt: f
  data: [0, 0]
scale_xy:
  rows: 2
  cols: 1
  dt: f
  data: [0, 0]
resolution:
  rows: 2
  cols: 1
  dt: i
  data: [1280, 720]
