%YAML:1.0
---
camera_matrix:
  rows: 3
  cols: 3
  dt: d
  data: [356.8925970039845, 0.0, 643.2894534256496, 0.0, 264.99849330387883, 332.7801652098627,
    0.0, 0.0, 1.0]
dist_coeffs:
  rows: 4
  cols: 1
  dt: d
  data: [0.03358223636912955, -0.03344582664965758, 0.05830604173288274, -0.03145447354141928]
project_matrix:
  rows: 3
  cols: 3
  dt: d
  data: [-1.19889276071743, -4.354951126356271, 1403.469371832686, 0.000884416946402835,
    -0.3154909172688993, -493.5824053761706, 3.1742764773809916e-05, -0.007037535217876215,
    1.0]
shift_xy:
  rows: 2
  cols: 1
  dt: f
  data: [0, 0]
scale_xy:
  rows: 2
  cols: 1
  dt: f
  data: [0, 0]
resolution:
  rows: 2
  cols: 1
  dt: i
  data: [1280, 720]
