%YAML:1.0
---
camera_matrix:
  rows: 3
  cols: 3
  dt: d
  data: [348.11787358156363, 0.0, 662.6466454630512, 0.0, 254.34215199668344, 331.62659840768396,
    0.0, 0.0, 1.0]
dist_coeffs:
  rows: 4
  cols: 1
  dt: d
  data: [0.0248363213657595, 0.055554153537354434, -0.05003396405377197, 0.012479392824035963]
project_matrix:
  rows: 3
  cols: 3
  dt: d
  data: [-2.291115638292641, -7.142634686150311, 2087.5810511090867, -0.05495997214164384,
    -0.3102738998171932, -1029.8985660367716, -0.0001649461574380805, -0.011177606574930252,
    1.0]
shift_xy:
  rows: 2
  cols: 1
  dt: f
  data: [0, 0]
scale_xy:
  rows: 2
  cols: 1
  dt: f
  data: [0, 0]
resolution:
  rows: 2
  cols: 1
  dt: i
  data: [1280, 720]
