%YAML:1.0
---
camera_matrix:
  rows: 3
  cols: 3
  dt: d
  data: [370.93162429570174, 0.0, 659.7335298368071, 0.0, 283.04101068008913, 301.8596294393093,
    0.0, 0.0, 1.0]
dist_coeffs:
  rows: 4
  cols: 1
  dt: d
  data: [0.027714170209410676, -0.06970458171781807, 0.11680165194736189, -0.06101246601780737]
project_matrix:
  rows: 3
  cols: 3
  dt: d
  data: [-1.5398084882093037, -6.314485350478876, 1740.4026389142725, 0.12053276056747468,
    -0.40318883008723516, -785.543089600734, 0.0002620277403640757, -0.009754210140964652,
    1.0]
shift_xy:
  rows: 2
  cols: 1
  dt: f
  data: [0, 0]
scale_xy:
  rows: 2
  cols: 1
  dt: f
  data: [0, 0]
resolution:
  rows: 2
  cols: 1
  dt: i
  data: [1280, 720]
