%YAML:1.0
---
camera_matrix:
  rows: 3
  cols: 3
  dt: d
  data: [369.9887521313066, -1.4184944513749052, 650.109426657229, 0.0, 308.32611350006573,
    330.23283367125674, 0.0, 0.0, 1.0]
dist_coeffs:
  rows: 4
  cols: 1
  dt: d
  data: [-0.08509936624740047, 0.5743251289092635, -0.6700388056074393, -0.14287972950511757]
project_matrix:
  rows: 3
  cols: 3
  dt: d
  data: [-0.9307087451021903, -4.140555064882592, 1121.6126052183415, 0.1366974089197615,
    -4.665150708526814, 1060.7568570787648, 0.00028474752086329793, -0.006862551494236305,
    1.0]
shift_xy:
  rows: 2
  cols: 1
  dt: f
  data: [0, 0]
scale_xy:
  rows: 2
  cols: 1
  dt: f
  data: [1, 1]
resolution:
  rows: 2
  cols: 1
  dt: i
  data: [1280, 720]
