%YAML:1.0
---
camera_matrix:
  rows: 3
  cols: 3
  dt: d
  data: [357.0088843267579, 0.0, 636.1632549771956, 0.0, 267.36706959751166, 334.7020989519187,
    0.0, 0.0, 1.0]
dist_coeffs:
  rows: 5
  cols: 1
  dt: d
  data: [-0.2579938081782165, 0.07206524541354642, -0.0018768574296424596, 8.232500161113845e-05,
    -0.009092087876068987]
project_matrix:
  rows: 3
  cols: 3
  dt: d
  data: [-0.9307087451021903, -4.140555064882592, 1121.6126052183415, 0.1366974089197615,
    -4.665150708526814, 1060.7568570787648, 0.00028474752086329793, -0.006862551494236305,
    1.0]
shift_xy:
  rows: 2
  cols: 1
  dt: f
  data: [0, 0]
scale_xy:
  rows: 2
  cols: 1
  dt: f
  data: [0, 0]
resolution:
  rows: 2
  cols: 1
  dt: i
  data: [1280, 720]
