%YAML:1.0
---
camera_matrix:
  rows: 3
  cols: 3
  dt: d
  data: [74.60893071540667, 0.0, 641.2425099743784, 0.0, 46.27751821237013, 359.0380764032093,
    0.0, 0.0, 1.0]
dist_coeffs:
  rows: 5
  cols: 1
  dt: d
  data: [-0.012463277984104433, 0.000234907519527053, -0.0017171599955188037, 7.303028205514466e-05,
    -2.442011214432794e-06]
project_matrix:
  rows: 3
  cols: 3
  dt: d
  data: [-0.9307087451021903, -4.140555064882592, 1121.6126052183415, 0.1366974089197615,
    -4.665150708526814, 1060.7568570787648, 0.00028474752086329793, -0.006862551494236305,
    1.0]
shift_xy:
  rows: 2
  cols: 1
  dt: f
  data: [0, 0]
scale_xy:
  rows: 2
  cols: 1
  dt: f
  data: [0, 0]
resolution:
  rows: 2
  cols: 1
  dt: i
  data: [1280, 720]
