%YAML:1.0
---
camera_matrix: !!opencv-matrix
  rows: 3
  cols: 3
  dt: d
  data: [357.0088843267579, 0.0, 636.1632549771956, 0.0, 267.36706959751166, 334.7020989519187,
    0.0, 0.0, 1.0]
dist_coeffs: !!opencv-matrix
  rows: 5
  cols: 1
  dt: d
  data: [-0.2579938081782165, 0.07206524541354642, -0.0018768574296424596, 8.232500161113845e-05,
    -0.009092087876068987]
project_matrix: !!opencv-matrix
  rows: 3
  cols: 3
  dt: d
  data: [-1.19889276071743, -4.354951126356271, 1403.469371832686, 0.000884416946402835,
    -0.3154909172688993, -493.5824053761706, 3.1742764773809916e-05, -0.007037535217876215,
    1.0]
shift_xy: !!opencv-matrix
  rows: 2
  cols: 1
  dt: f
  data: [0, 0]
scale_xy: !!opencv-matrix
  rows: 2
  cols: 1
  dt: f
  data: [0, 0]
resolution: !!opencv-matrix
  rows: 2
  cols: 1
  dt: i
  data: [1280, 720]
