%YAML:1.0
---
camera_matrix:
  cols: 3
  data:
  - 74.6089369872668
  - 0.0
  - 641.2425083376254
  - 0.0
  - 46.2775221031924
  - 359.0380757745603
  - 0.0
  - 0.0
  - 1.0
  dt: d
  rows: 3
dist_coeffs:
  cols: 1
  data:
  - -0.012463280027667186
  - 0.00023490759473937544
  - -0.0017171601514366665
  - 7.303016341331028e-05
  - -2.4420123437264185e-06
  dt: d
  rows: 5
project_matrix:
  cols: 3
  data:
  - -0.9307087451021903
  - -4.140555064882592
  - 1121.6126052183415
  - 0.1366974089197615
  - -4.665150708526814
  - 1060.7568570787648
  - 0.00028474752086329793
  - -0.006862551494236305
  - 1.0
  dt: d
  rows: 3
resolution:
  cols: 1
  data:
  - 1280
  - 720
  dt: i
  rows: 2
scale_xy:
  cols: 1
  data:
  - 0
  - 0
  dt: f
  rows: 2
shift_xy:
  cols: 1
  data:
  - 0
  - 0
  dt: f
  rows: 2
