%YAML:1.0
---
camera_matrix:
  rows: 3
  cols: 3
  dt: d
  data: [352.3873297886126, 0.0, 626.5806578422104, 0.0, 248.5765362237816, 312.0940730744383,
    0.0, 0.0, 1.0]
dist_coeffs:
  rows: 5
  cols: 1
  dt: d
  data: [-0.25058688964907644, 0.06744928184044127, 0.003367145070780411, -0.000854435293177646,
    -0.008396544547957739]
project_matrix:
  rows: 3
  cols: 3
  dt: d
  data: [-0.9307087451021903, -4.140555064882592, 1121.6126052183415, 0.1366974089197615,
    -4.665150708526814, 1060.7568570787648, 0.00028474752086329793, -0.006862551494236305,
    1.0]
shift_xy:
  rows: 2
  cols: 1
  dt: f
  data: [0, 0]
scale_xy:
  rows: 2
  cols: 1
  dt: f
  data: [0, 0]
resolution:
  rows: 2
  cols: 1
  dt: i
  data: [1280, 720]
