%YAML:1.0
---
camera_matrix: !!opencv-matrix
  rows: 3
  cols: 3
  dt: d
  data: [363.6621312403797, 0.0, 643.1895300367638, 0.0, 271.7192279513352, 344.05754952841016,
    0.0, 0.0, 1.0]
dist_coeffs: !!opencv-matrix
  rows: 5
  cols: 1
  dt: d
  data: [-0.2907031699002967, 0.10683236267023706, 0.0022560814701773992, 0.0008670195565231586,
    -0.020070559085981196]
project_matrix: !!opencv-matrix
  rows: 3
  cols: 3
  dt: d
  data: [3.5949561387788327, 8.688326955877407, -1617.4985161941079, -0.0157724432154646,
    -0.6586958276672102, 2505.241911813316, 2.52082293592822e-05, 0.013701986059491595,
    1.0]
shift_xy: !!opencv-matrix
  rows: 2
  cols: 1
  dt: f
  data: [0, 0]
scale_xy: !!opencv-matrix
  rows: 2
  cols: 1
  dt: f
  data: [0, 0] 
resolution: !!opencv-matrix
  rows: 2
  cols: 1
  dt: i
  data: [1280, 720]
