%YAML:1.0
---
camera_matrix:
  rows: 3
  cols: 3
  dt: d
  data: [291.37550195482834, 0.0, 637.5382912804303, 0.0, 213.05363719212508, 336.6638744443806,
    0.0, 0.0, 1.0]
dist_coeffs:
  rows: 5
  cols: 1
  dt: d
  data: [-0.18364389663403058, 0.03060735086007548, -0.014398932215907838, 0.000653648770502968,
    0.007722996616137701]
project_matrix:
  rows: 3
  cols: 3
  dt: d
  data: [-0.9307087451021903, -4.140555064882592, 1121.6126052183415, 0.1366974089197615,
    -4.665150708526814, 1060.7568570787648, 0.00028474752086329793, -0.006862551494236305,
    1.0]
shift_xy:
  rows: 2
  cols: 1
  dt: f
  data: [0, 0]
scale_xy:
  rows: 2
  cols: 1
  dt: f
  data: [0, 0]
resolution:
  rows: 2
  cols: 1
  dt: i
  data: [1280, 720]
