%YAML:1.0
---
project_matrix:
  rows: 3
  cols: 3
  dt: d
  data: [3.5949561387788327, 8.688326955877407, -1617.4985161941079, -0.0157724432154646,
    -0.6586958276672102, 2505.241911813316, 2.52082293592822e-05, 0.013701986059491595,
    1.0]
