%YAML:1.0
---
project_matrix:
  rows: 3
  cols: 3
  dt: d
  data: [-1.5398084882093037, -6.314485350478876, 1740.4026389142725, 0.12053276056747468,
    -0.40318883008723516, -785.543089600734, 0.0002620277403640757, -0.009754210140964652,
    1.0]
