%YAML:1.0
---
project_matrix:
  rows: 3
  cols: 3
  dt: d
  data: [-2.291115638292641, -7.142634686150311, 2087.5810511090867, -0.05495997214164384,
    -0.3102738998171932, -1029.8985660367716, -0.0001649461574380805, -0.011177606574930252,
    1.0]
