%YAML:1.0
---
project_matrix:
  rows: 3
  cols: 3
  dt: d
  data: [8.712057271204458, 17.538583449880313, -4485.256889942142, 1.0088638062918551,
    -1.326918890780393, 4494.562176426065, 0.0023673241914800454, 0.026383600339756785,
    1.0]
