%YAML:1.0
---
project_matrix:
  rows: 3
  cols: 3
  dt: d
  data: [-3.5663723972038572, -13.697427032679443, 3180.068921032817, 0.17329021292226338,
    -0.7674162739671688, -2021.514746609214, 0.0005432383281644318, -0.021317712178055236,
    1.0]
