%YAML:1.0
---
project_matrix:
  rows: 3
  cols: 3
  dt: d
  data: [1.8085102751114075, 5.043288408573538, -611.7031468862531, -0.1233672487749516,
    -0.38691063129488695, 1394.3838410942285, -0.0002756810028490527, 0.007988707138353477,
    1.0]
