%YAML:1.0
---
project_matrix:
  rows: 3
  cols: 3
  dt: d
  data: [3.421882701427428, 8.65032543233006, -1521.1801202127244, 0.22752629185540768,
    -0.529989602805138, 1982.6340892590215, 0.00027044313397121285, 0.013095396114843038,
    1.0]
