%YAML:1.0
---
project_matrix:
  rows: 3
  cols: 3
  dt: d
  data: [-1.19889276071743, -4.354951126356271, 1403.469371832686, 0.000884416946402835,
    -0.3154909172688993, -493.5824053761706, 3.1742764773809916e-05, -0.007037535217876215,
    1.0]
