%YAML:1.0
---
camera_matrix: !!opencv-matrix
  rows: 3
  cols: 3
  dt: d
  data: [348.3979875967162, 0.0, 641.8341374042337, 0.0, 255.37745865705065, 293.22091946244825,
    0.0, 0.0, 1.0]
dist_coeffs: !!opencv-matrix
  rows: 5
  cols: 1
  dt: d
  data: [-0.2312288772884875, 0.050798587633604245, -0.000908737213575748, -0.001768143910171259,
    -0.004688861927816622]
project_matrix: !!opencv-matrix
  rows: 3
  cols: 3
  dt: d
  data: [3.421882701427428, 8.65032543233006, -1521.1801202127244, 0.22752629185540768,
    -0.529989602805138, 1982.6340892590215, 0.00027044313397121285, 0.013095396114843038,
    1.0]
shift_xy: !!opencv-matrix
  rows: 2
  cols: 1
  dt: f
  data: [0, 0]
scale_xy: !!opencv-matrix
  rows: 2
  cols: 1
  dt: f
  data: [0, 0]
resolution: !!opencv-matrix
  rows: 2
  cols: 1
  dt: i
  data: [1280, 720]
