%YAML:1.0
---
camera_matrix:
  rows: 3
  cols: 3
  dt: d
  data: [468.9954893401027, 0.0, 660.3264435056738, 0.0, 476.06618116227577, 320.08823842176446,
    0.0, 0.0, 1.0]
dist_coeffs:
  rows: 5
  cols: 1
  dt: d
  data: [-0.6268286000618787, 1.1627654291799514, -0.021696666199356174, -0.0019420210972164672,
    -1.388318460794923]
project_matrix:
  rows: 3
  cols: 3
  dt: d
  data: [-0.9307087451021903, -4.140555064882592, 1121.6126052183415, 0.1366974089197615,
    -4.665150708526814, 1060.7568570787648, 0.00028474752086329793, -0.006862551494236305,
    1.0]
shift_xy:
  rows: 2
  cols: 1
  dt: f
  data: [0, 0]
scale_xy:
  rows: 2
  cols: 1
  dt: f
  data: [0, 0]
resolution:
  rows: 2
  cols: 1
  dt: i
  data: [1280, 720]
