%YAML:1.0
---
<<<<<<< HEAD
camera_matrix:
=======
camera_matrix: !!opencv-matrix
  rows: 3
>>>>>>> 41e5b1b608f418fe47ea5fb974e9ba54ef8c82c0
  cols: 3
  data:
  - 74.6089369872668
  - 0.0
  - 641.2425083376254
  - 0.0
  - 46.2775221031924
  - 359.0380757745603
  - 0.0
  - 0.0
  - 1.0
  dt: d
<<<<<<< HEAD
  rows: 3
dist_coeffs:
  cols: 1
  data:
  - -0.012463280027667186
  - 0.00023490759473937544
  - -0.0017171601514366665
  - 7.303016341331028e-05
  - -2.4420123437264185e-06
  dt: d
  rows: 5
project_matrix:
=======
  data: [363.6621312403797, 0.0, 643.1895300367638, 0.0, 271.7192279513352, 344.05754952841016,
    0.0, 0.0, 1.0]
dist_coeffs: !!opencv-matrix
  rows: 5
  cols: 1
  dt: d
  data: [-0.2907031699002967, 0.10683236267023706, 0.0022560814701773992, 0.0008670195565231586,
    -0.020070559085981196]
project_matrix: !!opencv-matrix
  rows: 3
>>>>>>> 41e5b1b608f418fe47ea5fb974e9ba54ef8c82c0
  cols: 3
  data:
  - -0.9307087451021903
  - -4.140555064882592
  - 1121.6126052183415
  - 0.1366974089197615
  - -4.665150708526814
  - 1060.7568570787648
  - 0.00028474752086329793
  - -0.006862551494236305
  - 1.0
  dt: d
<<<<<<< HEAD
  rows: 3
resolution:
=======
  data: [3.5949561387788327, 8.688326955877407, -1617.4985161941079, -0.0157724432154646,
    -0.6586958276672102, 2505.241911813316, 2.52082293592822e-05, 0.013701986059491595,
    1.0]
shift_xy: !!opencv-matrix
  rows: 2
  cols: 1
  dt: f
  data: [0, 0]
scale_xy: !!opencv-matrix
  rows: 2
  cols: 1
  dt: f
  data: [0, 0] 
resolution: !!opencv-matrix
  rows: 2
>>>>>>> 41e5b1b608f418fe47ea5fb974e9ba54ef8c82c0
  cols: 1
  data:
  - 1280
  - 720
  dt: i
  rows: 2
scale_xy:
  cols: 1
  data:
  - 0
  - 0
  dt: f
  rows: 2
shift_xy:
  cols: 1
  data:
  - 0
  - 0
  dt: f
  rows: 2
