%YAML:1.0
---
camera_matrix: !!opencv-matrix
  rows: 3
  cols: 3
  dt: d
  data: [339.6812975804107, 0.0, 629.7745171337942, 0.0, 251.07971780991522, 317.84502446867714,
    0.0, 0.0, 1.0]
dist_coeffs: !!opencv-matrix
  rows: 5
  cols: 1
  dt: d
  data: [-0.23395933343479752, 0.059043557634683524, -0.004687415406142772, -0.0006088657255568491,
    -0.006614185649197897]
project_matrix: !!opencv-matrix
  rows: 3
  cols: 3
  dt: d
  data: [1.8085102751114075, 5.043288408573538, -611.7031468862531, -0.1233672487749516,
    -0.38691063129488695, 1394.3838410942285, -0.0002756810028490527, 0.007988707138353477,
    1.0]

shift_xy: !!opencv-matrix
  rows: 2
  cols: 1
  dt: f
  data: [0, 0]
scale_xy: !!opencv-matrix
  rows: 2
  cols: 1
  dt: f
  data: [0, 0]
resolution: !!opencv-matrix
  rows: 2
  cols: 1
  dt: i
  data: [1280, 720]
